8310
9354
9282
3434
9673
6111
4279
2517
9003
8148
864
4790
6785
9821
8923
2822
4103
6211
9510
5825
7128
9684
6639
2363
1146
8472
567
4637
4695
6139
3334
8896
4453
5835
8328
3733
9879
2816
1380
8398
2285
9827
3229
108
4359
7036
5585
4278
6935
8444
1215
1075
5763
9283
2821
6661
4985
4207
1160
4130
4414
7667
6125
6160
7695
655
6772
5180
3545
9873
2708
1687
9747
248
6769
1021
777
6161
4682
9459
1892
2144
2399
204
7300
9485
9456
9977
2879
4904
4033
7915
3348
8170
8394
2726
3320
1818
7914
5028
7730
1752
5131
3538
8114
5305
6048
1147
187
6544
6619
9775
3330
2582
4268
4416
30
1349
8692
1689
4543
4311
1800
6396
732
4661
3744
1718
7556
6319
302
2128
5478
1784
380
7685
1484
7834
6367
1227
6754
2701
3240
7680
6037
9839
1673
1059
2774
1473
5973
8299
6429
4702
3743
6200
3771
5561
3412
6116
3288
2674
7781
6438
2458
452
2189
9331
1095
7870
1393
3921
6002
8828
7781
345
4913
4577
8203
8072
7935
1507
6390
3346
2989
771
5405
1332
2116
9672
9899
9461
4566
5431
5074
6631
5410
6129
2032
5264
6246
6505
9210
4816
9646
3856
7382
894
9642
3855
3253
2867
7150
6449
3644
1347
4740
858
5603
8611
4044
7
3814
1243
9603
4179
4506
8346
8689
9012
1226
7952
3068
3536
3071
1597
8698
6991
4446
1715
9700
9918
2091
8282
5127
8797
7771
5680
4820
6406
7319
6778
5462
1962
9676
3660
4195
3722
3920
3361
860
2911
687
2616
9055
8838
4211
1995
4652
9323
7730
8157
8948
673
6961
6607
5261
668
8998
366
722
7947
6956
1645
6967
4709
5040
7643
235
5103
1960
8465
2086
1191
690
7466
833
8352
1130
6255
6101
2282
390
2542
7036
429
3884
1638
3444
8130
5907
7682
2626
9310
1926
8560
5491
4924
1157
3900
6285
2262
9958
7965
7924
6912
2889
9500
4184
145
7417
6749
1692
6622
6941
7500
5681
8805
8735
8805
9057
9843
8772
9663
3128
2818
9450
2678
4941
1027
3456
2291
5134
8724
7662
475
7561
3470
5846
9937
7991
6973
4146
1848
6738
1084
5421
7850
936
6125
3486
8718
1448
8867
2622
8153
7480
4604
9083
9379
1433
7181
6245
8917
707
8028
7333
2044
6698
6740
3902
3453
8802
6089
9883
1669
6990
8889
7384
1931
5859
5226
7261
7045
3596
6885
1957
6036
6855
6319
8221
4253
220
4032
6295
9780
9118
2434
5326
871
5690
7720
5780
452
9324
4728
7144
8072
6065
6471
8643
422
2584
1631
7553
3216
7617
6191
8700
3364
8471
4255
5108
4982
8154
1903
8892
1222
1108
779
8398
9166
2334
2077
8414
7035
3755
7439
8219
9109
162
6538
3378
9180
7737
6369
717
1793
5692
7731
9113
7374
8877
9457
4693
7523
8790
1805
9926
7870
9306
1898
1143
3078
6393
8438
9566
7876
4466
3425
3002
6095
1715
664
5208
530
2667
9043
7221
6460
6353
6919
4062
4692
318
8760
227
1223
5605
5135
5994
1824
9698
852
7215
9778
2288
7240
3913
3157
1749
1394
9688
2298
3160
6068
9883
2221
4195
9081
6174
70
9027
3613
2592
2028
380
6009
6770
6599
1626
3881
6076
5840
6178
9772
4505
2471
4471
5480
8739
2993
1400
8887
314
4252
6950
5714
2221
1984
2996
6168
6491
9315
6647
2699
8979
9865
2845
1495
4087
7463
825
9647
9199
7618
9164
8807
3978
9049
961
8504
2271
2268
9007
5459
4578
5623
2833
9765
8323
3551
7921
1683
9920
1815
976
9651
378
6527
867
2390
4277
170
3096
2246
6520
8219
6486
1687
3413
8668
4162
5821
691
9322
1006
7643
8502
7360
9628
5891
6496
5438
5248
5679
833
3109
723
4938
8778
3362
9604
7755
6784
53
5576
6975
3979
9693
1043
1395
3982
5491
7007
1243
9537
4095
6217
7762
7722
8506
2507
3630
4394
4833
6563
4863
6931
5378
7651
708
8135
6775
8466
9257
1916
6732
2160
5249
1132
2254
6134
6797
7961
5074
5564
5286
270
256
5092
876
6560
8826
5587
8427
4051
8028
8880
2471
7529
9586
3717
2533
405
2192
4579
9045
798
3906
1106
7551
3263
3489
4053
9385
4811
7791
620
1778
8398
2063
9315
8286
8094
212
7320
3503
9360
9348
6090
4556
4775
9352
4444
5456
8520
3939
8569
5090
3833
4380
834
8669
5207
2522
1267
1931
4743
1244
9251
2259
4996
2642
3706
4699
5399
8139
5789
444
3333
7691
6292
4641
7730
5545
6845
8619
6371
819
1690
9349
9249
9566
5717
7278
9273
8926
643
9000
1601
2557
1846
4588
6149
4156
6717
2776
3919
8260
8567
4807
4149
2519
468
9259
1261
2600
4652
2297
7755
1124
4200
2320
9211
5163
3566
8616
9465
6575
5675
6675
397
8712
7225
2995
4837
3041
4992
3224
6651
1155
9769
6916
5590
3675
7965
3613
7804
1914
7020
9181
7604
7002
7913
4074
3305
5784
5954
5965
747
4147
7150
9681
3344
3919
1455
7738
2632
8213
167
384
6926
1403
2615
1318
4362
9835
7795
5547
9347
7907
9137
9709
418
2841
3648
852
546
345
6581
6306
2723
5020
3712
6645
4189
2470
7469
6215
8306
9485
2439
4307
8604
1169
3655
4963
4518
796
4042
1402
519
5623
2784
2571
4632
3014
3665
8964
6855
1937
9642
5595
244
2064
3925
2884
4569
5795
134
1916
5430
1915
8258
7509
3738
7160
731
8622
5246
6496
7206
3693
9195
185
4077
9404
4188
1747
4543
5198
1070
4693
2725
1852
1955
2642
3169
6737
9734
5928
4959
7534
1353
7669
7501
9850
475
6566
7207
3514
3861
13
347
7161
9027
494
6699
2644
1440
598
4096
8165
2905
7017
3355
7881
6836
2278
9208
7072
5226
1433
6716
1329
1519
7198
8285
4568
9251
5677
9808
7405
1232
6214
3180
4881
436
5593
6910
4983
5513
5346
9671
1581
2959
8160
6288
4502
5851
9361
6366
1638
9400
5964
8991
8585
5292
5482
5972
9728
4758
9121
1897
2249
7939
863
847
8970
1760
9999
8507
105
5642
4955
2248
1307
8321
1167
4583
8951
4299
8501
2839
1046
6901
9395
3663
4570
6051
2877
647
8952
2553
6375
375
1443
7330
9036
8871
9590
9693
4276
6854
8670
3481
4549
5575
546
7525
4697
7781
4608
5753
5880
7559
5493
4211
4306
5886
5160
2922
5611
5131
8499
495
2531
6125
2143
3905
3857
6441
8556
6351
1867
1106
6522
8760
2341
6632
695
8398
1908
5613
6836
2921
5949
1954
8054
8168
2206
7120
6391
4883
5481
3346
2678
8476
6345
8208
6369
5891
8322
3991
4878
9144
4010
6324
3553
8252
9501
9247
1292
1600
8465
6116
1097
6575
7416
9500
4237
2776
9819
3674
4378
6515
9
50
3860
5684
7132
4180
4349
7613
9204
1942
2208
4590
770
4719
8438
5512
4115
4448
1976
6128
7495
2925
8929
5871
6941
7465
9999
3573
1341
5168
7687
7069
7345
3741
9874
2636
8817
8748
2183
8883
7690
7258
5398
4101
2058
8680
4031
274
1722
9503
701
3201
9064
621
9858
4028
1168
6317
1551
309
1703
277
3840
7527
676
1753
3299
6023
5659
9629
8099
5001
3863
3991
9077
879
8404
99
3214
380
9814
7344
6799
2247
4025
5607
6702
4587
7414
2396
7970
9867
1342
2397
5450
4627
4678
2168
9899
1161
6080
4186
8437
8371
6162
6113
3456
2450
1588
2418
8936
6075
2699
2791
8546
2439
1326
448
3034
4656
929
6362
4907
5740
902
7182
9674
3702
3244
3456
3551
903
4385
695
464
724
204
5276
8508
3473
8000
3580
9425
3315
1134
9160
3547
2675
2506
2924
5930
8863
3399
3020
30
5866
8514
5401
6338
9556
1128
9043
7602
260
3429
9577
6682
9665
586
9101
908
1360
6170
7091
2862
2952
4209
855
8350
8065
6017
301
3698
1243
5435
6100
6048
1611
4183
4980
7511
9664
5936
6903
4489
324
5166
8180
1493
3118
4881
7910
2869
4884
2582
6699
6417
829
7770
3512
8989
3093
6841
90
3238
410
8417
775
3572
1459
8632
1059
7629
2720
1318
5839
6375
476
7553
1883
3831
1743
9779
9292
9274
6656
5306
1081
2046
3752
1436
2015
8063
8449
1460
3429
6154
3726
3037
186
1567
1252
7370
5225
2360
9494
2272
8671
5808
7310
2993
3475
6738
4663
2966
2180
3055
4824
1304
4833
6523
3531
2283
2417
5429
1851
4487
4834
7201
2875
6372
6991
2228
1988
3809
5611
7083
2695
2593
6714
233
9968
4067
9663
8315
7755
8893
2144
1577
5936
756
1238
6587
8922
6059
2544
1797
8054
2405
2823
7841
1959
1880
8939
5208
4966
4897
493
3164
2790
9965
3734
3685
294
9867
5732
7862
7007
4060
6341
2203
4317
2228
5932
4562
2683
6000
3937
531
3671
7203
8645
5772
4532
767
8515
9102
5438
9325
1121
5726
1881
5785
374
9640
7762
2317
9350
7031
9975
9847
4264
4282
4370
4842
4232
2739
2176
9310
6937
8689
8480
9829
2386
5928
9272
860
2137
3914
9969
6617
3470
3684
4482
5447
2654
9287
8170
5932
7928
6050
1367
3779
5307
7609
9523
7786
8286
6468
4974
3818
746
8998
8839
7182
3394
3799
7412
4835
4259
5505
9586
1371
7318
4116
8118
9725
8114
5414
737
7436
2302
2378
4834
7522
4980
1900
2213
7642
8017
8711
4361
7831
2057
7395
1232
5284
3608
1166
3407
8920
4659
7366
2053
4725
9789
9696
3657
7422
4262
3608
1804
7059
6797
3493
1725
5210
3205
9912
4027
5740
5542
9665
7253
1929
4187
2462
6973
8680
8873
9569
8172
6223
7119
605
5471
5708
5288
5069
8974
190
1965
4481
1405
9683
1016
6566
5100
9310
580
7104
5257
8884
9600
7846
7301
8548
178
6779
6116
5217
7608
4420
7438
6077
7513
443
9107
4147
3531
8991
4251
2145
1965
502
9146
5920
8964
3216
4355
6818
3892
1305
9076
1863
884
3530
5007
1740
3716
3804
4392
3265
4890
8619
8106
1652
583
2803
4613
3583
5737
2698
4242
8939
2809
202
8487
5616
1653
7641
8629
1242
408
5270
4174
1561
9141
9073
5845
2709
9411
3048
302
796
4578
1402
644
5354
1660
7290
1897
3044
5398
4050
3000
7985
21
6993
9382
1397
2574
2387
9191
315
3446
6539
7565
3678
3880
2527
4331
4836
5493
9808
8760
8680
5221
5749
5840
4370
5179
4851
660
453
5319
6011
5696
9077
3046
2656
8397
8307
8420
7507
5069
5847
1985
1005
7604
9289
4144
5432
9879
5292
3164
1450
2188
3111
9414
4672
7601
7520
5450
3715
3064
4215
8288
5625
7360
2525
8958
4490
8111
9712
8074
8429
8475
7556
4396
1199
9880
8607
5538
2960
347
4256
8238
954
4638
5917
9642
4302
2812
9689
9612
2589
3836
4542
2260
4367
8714
380
178
788
352
350
7924
2485
4549
9029
5277
5462
8860
8099
2674
938
9149
854
7806
3347
528
2112
277
8437
1829
5663
5685
9557
2433
6477
8232
2771
2579
6118
3670
3617
9669
6481
7080
6047
8062
8478
9095
4533
4164
3995
4275
6172
6527
8450
5407
7657
1832
4498
7002
3655
7792
6968
3625
2704
9005
7385
3567
7367
5615
3775
6718
7221
5089
6831
1735
4911
1739
6227
7886
5504
6244
88
185
4584
6149
2070
8535
4321
7289
3639
3341
9545
2112
6342
4171
81
7827
6950
1662
2721
5090
940
6078
8197
4952
7914
6744
1513
5184
6168
5766
364
337
6273
1849
3476
1285
4375
6521
126
3591
3124
5427
9375
9595
5215
8129
9644
3703
3399
1528
3075
3695
9439
1947
9525
5439
5574
3500
3760
8129
178
6547
140
5230
8920
3751
7138
8177
5514
1577
2132
9543
5597
4000
5053
7971
4230
9662
1110
7614
6961
4658
6386
9515
7182
6935
967
9337
89
9626
570
8881
8387
2760
9045
9487
914
4806
9287
3598
5170
8458
5480
3132
438
7223
2535
717
5007
6374
9795
1675
2120
3695
674
2154
4860
1879
6849
522
4644
7796
8073
5206
3361
3195
8810
3305
2594
8826
7911
1232
7555
7282
5709
8746
450
9916
3281
2396
7663
2589
8598
7938
4399
148
7351
2128
285
1120
5735
5846
1982
5294
7250
8642
3647
79
2080
8767
6125
8585
6118
3307
481
4020
2136
134
3846
7253
1695
9174
2264
6711
2915
967
7835
260
4981
5600
8405
4612
1132
4498
1705
3661
7514
7609
417
6536
9642
3029
4295
1652
4328
4706
80
5092
5868
2562
4166
7571
6725
7261
640
7064
4638
7087
7792
2628
7312
2384
7192
5864
2212
4897
1162
6484
4547
3009
1723
42
364
9903
5572
7137
9537
8554
1365
8694
2398
1669
8453
2364
6742
2070
7530
9236
4492
6461
1
3160
4572
1042
9211
9409
148
6231
4293
5272
8562
844
1474
8986
7675
7890
2519
8788
1332
759
914
4814
6129
2320
5944
5380
5880
1525
4794
1903
7105
9957
1299
3539
9724
907
817
4225
5407
8472
6749
5357
5051
48
2504
5098
3338
8625
7540
6160
391
8733
7981
1040
8665
2409
8658
6190
6349
6557
8740
4973
5360
732
1050
681
2710
3086
8925
2926
7834
1625
8167
5414
3250
1791
851
1823
5885
8000
3745
4042
7372
1775
553
3408
1611
1250
8041
1119
8571
2116
6732
8098
2893
4245
9801
7807
6940
6497
4469
7834
6871
1565
582
4183
8859
1421
2918
317
937
4995
8544
3590
8889
9283
778
7634
6906
3730
7022
2155
932
9820
3271
7859
5868
5700
2277
9337
2708
1942
3420
3771
7277
2408
4943
805
825
2704
453
6792
6177
4127
5206
3478
9280
3323
1572
7146
7083
1882
1912
6868
1005
6666
9127
8962
4786
4029
8417
4698
6624
4994
8151
3140
7678
2767
5654
1540
3330
7386
1124
7620
7274
4663
3366
1009
4054
1868
6363
4332
2928
2096
5929
97
6394
5377
9826
2228
3683
7077
5234
295
3381
9497
2712
6904
9214
7589
4975
8215
7368
9904
4888
246
6695
7104
4917
2281
8191
1673
4484
3868
4976
1639
7158
9204
687
6215
8123
5773
5714
495
7532
643
6247
9054
8453
7741
8785
1182
1805
5763
2817
9990
3507
5504
8877
3724
8727
9618
7871
4648
9698
3982
5789
2691
34
2049
7152
6782
422
8386
7075
8783
387
7539
826
1846
849
22
2380
5823
1269
667
9279
4192
3851
1159
8287
1793
8975
3473
4490
5755
2616
4263
8907
6521
3010
6781
2129
6123
8007
6101
5547
6394
8730
4746
3906
2486
5727
8454
5843
7898
2330
9316
5655
4353
7986
8736
2081
1794
3266
3466
1972
631
1660
6809
2238
6924
9754
9740
4405
3042
5043
7323
3597
1923
7622
8013
163
8143
7653
9779
1944
9637
673
8209
5661
6766
5422
9805
5528
1972
8820
9312
961
5680
8849
7705
9867
4880
8286
4241
2402
7895
3148
3033
2589
478
1642
1551
7472
2664
6759
416
6786
4724
5150
1367
6661
9227
8243
6259
9447
2345
328
3591
2660
6121
8604
4411
3846
585
129
7600
42
8605
1800
2705
4256
7375
8491
